$ANSIBLE_VAULT;1.1;AES256
33616130383635393531356434663761323832363937363765363838656462393466306430323936
6134353434623762663736356434636662373433663230660a383632633332643631346162356464
33653332316532353534306662356465326438353162333038333230343763313265623039366338
3262363666373938300a663931316435373437396434346162356164326666326532373730666430
32363637633537383334623965623162643834333233306430313231616337356238323536363164
63373565343535653363326333336265663331663838633835346566373866636531653665386234
39393165623962313264363037323135306461616638323837363963396131623531393164333531
33656130336362393262373238623761643132383264623235626365636164613830353434373433
31366334613137316539653636613034346239323338666536363363393234356239646234383466
39373035376234343632613163376437663539393636316266323636386464626265363531326166
343635386535303239343039643165333361
